1 2 1
3 4 1
3 5 1
6 7 1
8 7 1
9 2 1
2 10 1
8 6 1
5 4 1
3 11 1
12 7 1
7 13 1
6 14 1
12 8 1
7 14 1
8 13 1
3 15 1
12 6 1
16 3 1
6 13 1
8 14 1
7 17 1
2 18 1
2 19 1
11 4 1
5 11 1
15 4 1
12 13 1
3 20 1
6 17 1
8 17 1
7 21 1
3 22 1
1 9 1
1 10 1
23 3 1
3 24 1
5 15 1
6 21 1
16 4 1
25 7 1
1 18 1
1 19 1
16 5 1
8 25 1
20 4 1
13 14 1
12 14 1
8 21 1
12 17 1
26 7 1
3 27 1
2 28 1
26 6 1
6 25 1
29 30 1
5 20 1
3 31 1
3 32 1
7 33 1
13 17 1
15 11 1
5 22 1
4 22 1
17 14 1
3 34 1
12 25 1
35 7 1
23 4 1
7 36 1
3 37 1
16 22 1
16 11 1
23 5 1
1 28 1
21 14 1
24 4 1
38 2 1
26 8 1
2 39 1
6 35 1
8 33 1
5 24 1
21 17 1
25 13 1
3 40 1
27 4 1
4 32 1
12 21 1
9 10 1
31 4 1
26 21 1
6 33 1
8 35 1
41 29 1
8 36 1
4 34 1
26 14 1
27 5 1
26 17 1
5 31 1
23 16 1
13 21 1
12 33 1
20 15 1
5 32 1
6 36 1
2 42 1
2 43 1
44 29 1
7 45 1
11 22 1
20 11 1
19 18 1
3 46 1
5 34 1
25 14 1
40 4 1
16 15 1
47 7 1
25 17 1
12 26 1
48 29 1
47 6 1
13 33 1
1 38 1
23 22 1
15 32 1
35 14 1
16 20 1
4 37 1
3 49 1
3 50 1
8 45 1
5 37 1
5 40 1
1 42 1
1 43 1
3 51 1
12 35 1
16 24 1
9 18 1
12 36 1
10 18 1
9 19 1
10 19 1
35 17 1
2 52 1
17 33 1
35 21 1
