1 2 1
2 3 1
1 3 1
2 4 1
1 5 1
2 6 1
2 7 1
8 9 1
8 10 1
11 12 1
2 5 1
2 13 1
1 6 1
1 7 1
10 12 1
1 14 1
2 15 1
1 16 1
1 4 1
6 3 1
1 17 1
2 16 1
1 15 1
1 13 1
18 19 1
20 10 1
2 17 1
11 21 1
22 8 1
2 23 1
2 9 1
2 24 1
7 15 1
10 25 1
21 12 1
7 23 1
10 9 1
14 26 1
27 26 1
12 28 1
29 19 1
8 19 1
22 26 1
1 18 1
2 30 1
22 10 1
27 8 1
1 31 1
14 18 1
1 32 1
1 24 1
8 20 1
18 29 1
27 33 1
2 34 1
11 28 1
35 12 1
26 33 1
18 36 1
1 23 1
22 27 1
14 37 1
2 32 1
3 16 1
4 13 1
5 3 1
14 27 1
11 10 1
38 39 1
40 14 1
8 29 1
8 26 1
1 41 1
1 42 1
14 33 1
2 41 1
39 19 1
2 43 1
25 12 1
2 10 1
37 26 1
29 9 1
3 41 1
14 44 1
2 42 1
4 5 1
12 45 1
8 25 1
46 12 1
11 35 1
20 25 1
5 6 1
2 31 1
3 20 1
2 14 1
10 47 1
2 48 1
29 39 1
8 49 1
45 35 1
2 20 1
1 43 1
2 50 1
46 35 1
3 10 1
1 37 1
5 13 1
20 12 1
21 28 1
1 36 1
3 32 1
1 51 1
21 10 1
18 26 1
11 46 1
52 29 1
5 18 1
8 53 1
10 54 1
4 3 1
26 19 1
9 55 1
11 56 1
7 57 1
14 31 1
50 23 1
44 33 1
20 9 1
11 36 1
22 33 1
3 36 1
35 28 1
23 15 1
16 6 1
2 57 1
1 57 1
27 19 1
1 34 1
5 17 1
7 31 1
46 28 1
29 58 1
9 30 1
9 19 1
49 22 1
1 56 1
8 47 1
22 19 1
10 28 1
46 7 1
