1 2 1
1 3 1
1 4 1
1 5 1
6 7 1
1 8 1
1 9 1
6 3 1
1 6 1
3 2 1
3 5 1
4 2 1
7 3 1
6 5 1
2 5 1
7 5 1
1 10 1
6 2 1
8 2 1
9 2 1
1 11 1
4 3 1
1 12 1
13 14 1
15 7 1
1 16 1
4 8 1
4 9 1
4 5 1
1 17 1
1 7 1
10 2 1
9 8 1
18 19 1
8 3 1
20 19 1
4 6 1
7 2 1
1 21 1
4 10 1
1 22 1
9 3 1
8 5 1
12 2 1
9 10 1
11 2 1
8 10 1
7 19 1
21 2 1
12 9 1
6 8 1
9 5 1
12 4 1
10 3 1
22 2 1
12 8 1
21 3 1
3 11 1
1 23 1
6 9 1
15 6 1
24 7 1
10 5 1
4 21 1
1 25 1
4 22 1
4 11 1
11 5 1
6 21 1
21 5 1
26 19 1
12 10 1
4 7 1
9 22 1
8 22 1
23 2 1
6 10 1
21 8 1
6 11 1
12 3 1
9 21 1
27 13 1
27 14 1
9 11 1
22 3 1
28 17 1
18 20 1
25 2 1
8 11 1
1 29 1
18 26 1
16 2 1
4 23 1
30 26 1
15 19 1
15 3 1
19 13 1
19 14 1
22 10 1
27 7 1
12 5 1
6 24 1
23 3 1
22 5 1
21 10 1
8 7 1
15 5 1
21 7 1
25 4 1
8 23 1
9 23 1
29 2 1
17 16 1
7 13 1
7 14 1
6 22 1
25 9 1
25 8 1
12 22 1
27 19 1
12 6 1
7 11 1
23 5 1
30 17 1
6 23 1
4 29 1
24 3 1
25 3 1
10 11 1
23 10 1
1 31 1
12 11 1
16 5 1
6 19 1
16 3 1
4 16 1
12 21 1
1 27 1
29 3 1
9 7 1
8 29 1
21 22 1
15 13 1
15 14 1
9 29 1
25 10 1
6 27 1
17 26 1
24 5 1
17 2 1
