1 2 1
3 1 1
4 1 1
3 2 1
4 2 1
5 1 1
3 4 1
5 2 1
3 5 1
6 1 1
4 5 1
6 2 1
7 1 1
3 6 1
6 4 1
7 2 1
6 5 1
7 3 1
7 4 1
7 5 1
7 6 1
8 1 1
8 2 1
3 8 1
8 4 1
8 5 1
8 6 1
7 8 1
9 10 1
1 11 1
12 3 1
12 4 1
12 2 1
3 11 1
12 1 1
11 2 1
4 11 1
12 5 1
5 11 1
12 6 1
10 13 1
6 11 1
14 15 1
9 13 1
9 16 1
10 17 1
10 16 1
9 17 1
7 12 1
18 15 1
19 3 1
19 4 1
16 13 1
19 2 1
19 5 1
7 11 1
10 20 1
19 1 1
21 1 1
12 8 1
9 20 1
22 9 1
22 10 1
19 6 1
3 23 1
23 4 1
23 1 1
23 2 1
24 3 1
25 15 1
24 4 1
26 27 1
24 2 1
23 5 1
21 2 1
28 15 1
24 5 1
29 15 1
30 26 1
24 1 1
26 31 1
3 21 1
23 6 1
30 27 1
10 32 1
33 10 1
24 6 1
21 4 1
18 14 1
9 32 1
33 9 1
26 34 1
8 11 1
21 5 1
7 19 1
30 31 1
27 31 1
30 34 1
10 35 1
13 17 1
27 34 1
9 35 1
7 21 1
29 14 1
21 6 1
3 36 1
25 14 1
19 8 1
36 4 1
24 8 1
16 17 1
7 24 1
31 34 1
37 1 1
36 1 1
26 38 1
36 2 1
36 5 1
10 39 1
22 17 1
40 15 1
41 15 1
10 42 1
13 20 1
7 23 1
9 39 1
22 1 1
17 20 1
36 6 1
22 16 1
9 42 1
1 39 1
43 1 1
22 39 1
22 13 1
38 27 1
30 44 1
14 28 1
40 45 1
1 46 1
27 44 1
30 38 1
33 13 1
33 16 1
39 2 1
29 25 1
38 31 1
12 11 1
26 44 1
22 2 1
